307684522928 1110109620128
794175129155 1456801270414
1456801270414 1862815467074
1655071119701 2036139951240
2581891194834 2938209235899
3203006528874 3486334377171
3869663920914 4371641426307
4625611056497 5165363127104
5375859256207 6074618800137
5375859256207 6074618800137
5754910159277 5886781937871
5886781937871 6074618800137
6074618800137 6919766515552
7582330851238 8221734138618
7943475911805 8410633326027
7943475911805 8678289919663
8410633326027 8678289919663
8410633326027 8678289919663
9091500660915 9446359256314
11051622749117 17744961849726
15519289873818 17744961849726
24453454414952 24453454414952
24453454414952 27950126097685
32060173997759 38255039971914
38255039971915 38255039971915
41118938014282 47100018588253
44981127782956 48903279211723
51788272107026 59656827315788
51788272107026 59656827315788
61698995041022 69884347631459
63766671898076 65655952039632
71612729890033 74419824655567
71612729890033 77571971108161
80580557918318 82577264603263
81926643832307 83669224754435
83350550926534 85294997885460
84374268985162 86323996200785
85907593907156 87680707094354
86910356821814 88768842417878
88220642965230 90378292842065
93932960914363 93932960914363
93932960914364 97096041797051
103362892420026 105629678962499
105629678962501 109134858676431
111378694375343 115455699917052
115455699917053 119739127275498
124216845078648 129072508999878
131862233254102 136598229137385
136598229137385 136598229137385
140940285560201 141439781721936
141069029205537 141439781721936
141069029205537 141782831115740
144788333057957 145642164960280
147303259982849 147549698244422
147303259982849 147549698244422
147549698244422 148092107411926
147911543484598 148626352214953
148626352214953 149317499860929
149068657061301 149592458212773
149592458212773 149955416319994
155097583132186 157151986572872
157151986572873 157151986572873
161603134668167 168016229054149
163670453018644 169458398765566
172876836346765 179828231865718
174818460219114 177642786566376
181639912998906 187405189535396
191539978545282 195248997572481
191539978545282 199539933703255
201865410851062 201865410851062
201865410851063 208132721112038
213248850373267 220165671211298
215795681823224 220165671211298
224558106245926 228408317456873
228408317456873 228408317456873
233635116196780 235336029221685
235336029221686 239583999322242
241599152922884 242808655043892
242388859287558 243657013061234
243229285253014 244572543121239
244232460133381 245777513292354
245101961133800 246661521061271
246145812892023 247251309735150
247141173111092 248195269505606
247742893039025 249250450106907
248639241640267 250344640596798
249893716111862 250989814662294
254858524011711 258882206286305
254858524011711 258882206286305
262745896589483 267424515756810
267424515756812 270066601161903
272295175227785 272295175227785
272295175227785 280630653823210
282420790922884 290825089106666
284581219392036 287127735445674
292967201192475 299118069515275
299118069515276 299118069515276
304970740108223 309078563473549
309078563473549 309078563473549
312280995013442 314291814749698
313424067821390 316012763161771
315257468674580 317675035942738
316846363862322 319717981047088
318817591194247 321433929601467
324039920477225 329643132044797
327274832235706 329643132044797
335849789798638 335849789798638
335849789798639 338039926388684
343342993115191 348444105423794
353198600177047 356119063703160
356119063703161 359632553973214
362937483688203 367433797533915
362937483688203 367433797533915
372913350007794 376326840890411
376326840890413 379742847570968
383059647557664 386106067036209
383059647557664 391428151448820
393407539311640 398279097986826
395749249678667 400331556316934
402485160566513 402996070607518
402485160566513 403282601642719
405079208406968 405660046218472
405660046218472 406464445503469
407222990481964 407711674000795
407711674000795 408308227200346
408960907412757 409871811407953
409436008617675 409871811407953
409871811407953 410317848010797
410874486674553 411043455686605
410874486674553 411556204897556
413258809107986 413258809107986
413258809107986 417714294228933
425031887133980 428925354127549
425031887133980 428925354127549
433308411983642 433877475331933
433877475331933 434165674107044
433877475331933 434618989488580
434932830803014 435578076468333
435211085990270 436004729023784
435477646107434 436004729023784
437430160816383 437912720262218
438498997381838 438635963627099
438928237107625 439766507508486
439766507508486 440371147822373
440371147822373 440938433143202
441404534158889 441670875906124
442415536818876 445332303039440
444361684514399 446989989221557
445953383992681 448411380758156
447576091595224 450467703765211
449386234224753 452115392068715
454018108501111 462089665975548
456809042678061 458227093285318
463407578410441 466222675937857
463407578410441 469970025274094
473406359132554 478434365075480
478434365075482 481569819739865
485564841619712 491054112566329
491054112566330 491054112566330
494741622964928 498685252592713
498685252592714 500535937758878
505513053445065 509602401977774
509602401977774 509602401977774
516491003250364 518990617277806
523718685006199 530321229089646
528281574171527 530321229089646
533885467078256 538341980112087
535862781913795 541174836228383
546570015578939 546570015578939
546570015578940 550907277679863
555014039423328 555014039423328
555014039423328 560747532698997
