10822
10822
10822
10905
10947
11165
11450
11461
11525
11660
11670
11794
11794
11794
11794
11794
11794
11794
11794
11794
11794
11794
11794
11794
11794
11794
11794
11794
11794
11794
11806
11945
12214
12367
12617
12907
13065
13098
13111
13131
13166
13191
13284
13337
13892
14234
14424
14589
14761
14778
15021
15068
15100
15102
15493
15562
15843
15986
16093
16203
16203
16203
16203
16203
16203
16203
16203
16203
16203
16203
16246
16410
16467
16467
16467
16467
16467
16467
16653
16770
16798
16827
16872
16941
16941
16941
16941
16941
16941
16941
16941
16941
16941
16941
16941
16941
16941
16941
16941
16941
16941
16941
17017
17236
17456
17456
17456
17456
17456
17456
17456
17456
17456
17456
17525
17603
17670
17817
17838
17910
18236
18244
18454
18525
18718
19235
19254
19375
19461
19567
19709
19741
20010
20034
20071
20178
20183
20206
20240
20342
20525
20535
20612
20678
20721
21038
21048
21097
21418
22589
22930
22943
22991
23023
23031
23608
23616
23726
23753
24017
24028
24057
24227
24271
24360
24462
24686
25063
25344
26167
26222
26565
26617
26767
26917
27033
27223
27233
27233
27233
27233
27233
27233
27233
27233
27233
27233
27233
27233
27233
27233
27233
27626
27704
27870
27870
27899
27902
27922
28016
28322
28436
28629
28730
28786
28855
29185
29349
29539
29682
29745
30309
30387
30426
30503
30602
30857
30910
31095
31152
31475
31743
31849
31856
31908
31908
31908
31908
31944
32388
32511
32946
33310
33379
33388
33646
33716
33784
33901
33917
33938
34111
34194
34197
34197
34197
34197
34197
34197
34197
34197
34197
34197
34197
34197
34197
34407
34536
34536
34536
34536
34536
34536
34536
34536
34536
34536
34536
34536
34536
34536
34536
34536
34536
34540
34746
35208
35298
35328
35350
35385
35602
36236
36351
36603
36792
36867
36941
37576
37795
37808
38019
38278
38349
38515
38645
38756
39097
39285
39486
39543
39665
39980
40058
40084
40160
40228
40378
40633
40677
40912
40939
40968
41012
41386
41698
41764
41935
42292
42570
43275
43313
43346
43359
43461
43581
43945
43945
43945
43945
43945
43945
43945
43945
44116
44116
44116
44116
44116
44116
44116
44116
44116
44116
44116
44188
44188
44188
44188
44247
44582
45492
45507
45629
45689
45784
45844
45875
45897
45927
45977
46098
46107
46488
46576
46576
46576
46576
46576
46576
46576
46576
46576
46576
46576
46576
46576
46576
46576
46576
46576
46576
46576
46576
46801
47129
47484
48252
48336
48818
49001
49178
49307
49326
49745
49764
49879
50281
50339
50436
50668
50722
50722
50722
50722
50722
50722
50722
50722
50722
50722
50722
50722
50722
50722
50812
50822
50824
50955
50955
51129
51130
51240
51323
51794
51842
52337
52419
52540
52721
52750
52765
53026
54016
54097
54321
54438
54504
54515
54597
54693
54713
54713
54713
54713
54713
54713
54713
54787
54999
55106
55187
55304
55329
55549
55650
55699
56203
56256
56287
56612
56694
56965
57160
57198
57328
57474
57474
57474
57474
57474
57474
57474
57474
57474
57474
57474
57474
57474
57474
57474
57474
57474
57474
57474
57474
57652
57695
57816
57877
57985
58164
58164
58164
58164
58164
58164
58164
58164
58260
58383
58692
58919
59069
59359
59457
59825
59870
60089
60185
60188
60450
60704
61207
61300
61443
61525
61581
61616
61667
61805
61915
62140
62273
62489
62682
63071
63468
63468
63468
63468
63468
63468
63468
63468
63468
63468
63468
63468
63468
63468
63468
63468
63468
63696
63696
63696
63696
63696
63696
63696
63696
63696
63696
63696
63696
63696
63696
63696
63858
63858
63858
63858
63858
63858
63858
63858
63858
63858
63858
63858
63858
63858
63858
63887
63940
64182
64228
64446
64478
64591
64697
64922
65077
65125
65321
65729
65867
65867
65867
65867
65867
65867
65867
65867
65867
65867
65867
65867
65867
65867
65867
65867
65867
65867
65867
66120
66176
66190
66299
66299
66299
66299
66299
66299
66299
66299
66299
66299
66299
66299
66299
66299
66356
66473
66540
66574
66574
66574
66632
67059
67066
67071
67194
67378
67702
67702
67702
67702
67702
67702
67702
67702
67702
67702
67702
67702
68070
68260
68461
68594
68852
68923
69031
69051
69206
69512
69614
69643
69852
70016
70042
70258
70308
70349
70349
70349
70349
70349
70349
70349
70349
70349
70349
70354
70492
70627
70932
70932
70932
70932
70932
70932
70932
70932
70932
70932
70932
70932
70932
70932
70932
70932
70932
71106
71113
71431
71470
71647
71704
71704
71704
71704
71704
71704
71704
71704
71704
72175
72545
72545
72545
72545
72663
72814
72890
73173
73312
73350
73397
73397
73397
73397
73397
73446
74455
74690
74814
74964
75255
75365
75532
75860
76000
76152
76152
76152
76152
76152
76152
76152
76152
76152
76152
76152
76152
76152
76152
76152
76152
76152
76152
76574
76613
76627
76724
76748
76908
76932
76984
77323
77323
77323
77323
77323
77323
77323
77323
77323
77365
77393
77446
77602
77650
77753
77920
77954
77987
78156
78189
78261
78472
78528
78566
78685
78789
78838
79038
79349
79360
79477
79557
79718
79806
79903
79922
79922
79922
79922
79922
79922
79922
79922
80433
80569
80569
80569
80569
80569
80569
80743
80821
80831
81165
81348
81411
81443
81444
81942
81973
82082
82145
82199
82199
82199
82199
82199
82369
82616
82754
83104
83221
83315
83399
83673
83807
83924
83955
83955
83955
83955
83955
83955
83955
83955
83955
83955
83955
83955
83955
84028
84033
84267
84310
84725
84772
84837
84883
85070
85581
85581
85581
85581
85581
85581
85581
85581
85581
85581
85581
85581
85581
85581
85581
85581
85690
85990
86124
86711
86861
86986
86999
87075
87343
87712
87792
88060
88152
88159
88164
88339
88355
88377
88435
88538
88547
88586
88672
88783
88824
88833
88977
89533
89555
89684
89719
89820
90059
90452
90699
91001
91077
91243
91617
91672
91864
91931
91936
91990
92167
92579
92976
93015
93234
93267
93737
94143
94657
94858
94865
94894
95153
95381
95773
96273
96330
96386
96493
96505
96592
96661
96754
96843
97161
97197
97255
97261
97300
97395
97395
97395
97395
97395
97395
97395
97395
97395
97395
97395
97395
97395
97794
97809
97864
98054
98187
98194
98194
98194
98194
98194
98194
98194
98236
98551
98714
99060
99250
99469
99568
99720
99720
99720
99720
99720
99720
99720
99720
99720
99720
99720
99720
99720
99720
99720
99720
99720
99720
99769
99848
