10014
10030
10031
10100
10187
10512
10519
10520
10539
10544
10755
10822
10842
10856
11137
11146
11169
11232
11304
11327
11779
11790
11794
11904
11942
11957
12017
12115
12177
12191
12372
12552
12686
12738
12748
13025
13174
13340
13358
13441
13520
13521
13613
13697
13711
13712
13719
13890
14008
14166
14187
14334
14439
14462
14770
14868
14939
15038
15164
15240
15320
15349
15530
15649
15673
15725
15786
15917
15946
16069
16076
16137
16150
16203
16235
16272
16354
16467
16765
16901
16941
16982
17242
17320
17430
17456
17529
17575
17720
17851
17870
18039
18276
18300
18314
18335
18339
18477
18478
18536
18545
18654
18778
18984
18993
18995
19048
19056
19121
19190
19261
19365
19443
19831
20081
20126
20305
20532
20650
20706
20745
20772
21007
21080
21127
21206
21426
21553
21732
21916
21961
22316
22373
22763
22813
22840
22883
23028
23414
23459
23560
23566
23770
23836
24212
24310
24370
24536
24559
24577
24790
24999
25084
25193
25231
25291
25350
25362
25415
25542
25596
25894
25987
26022
26163
26165
26223
26266
26299
26389
26842
26878
27118
27170
27233
27527
27601
27735
27870
27994
28019
28087
28183
28231
28249
28271
28283
28302
28351
28455
28458
28500
28567
28581
28669
28686
28695
28771
28948
28956
29016
29089
29215
29218
29232
29335
29342
29347
29426
29481
29611
29721
29757
29798
30046
30091
30153
30210
30502
30615
30992
31105
31145
31247
31306
31309
31492
31505
31832
31908
32444
32612
32662
32711
32820
32909
32977
33021
33036
33112
33128
33211
33397
33400
33710
33745
33818
33846
33909
34169
34197
34216
34265
34277
34285
34327
34429
34536
34654
34737
34844
34854
35165
35195
35482
35556
35579
35632
35807
35812
35846
35849
35879
36077
36216
36494
36521
36533
36568
36582
36711
36741
36759
36769
36942
37024
37035
37111
37116
37153
37211
37354
37703
37740
37748
37838
37922
37944
38086
38087
38185
38308
38356
38368
38395
38415
38597
38660
38665
38694
38903
38907
38920
39029
39132
39134
39161
39179
39217
39351
39376
39436
39475
39481
39620
39667
39857
39919
40099
40114
40119
40139
40338
40369
40431
40450
40678
40811
40837
40927
41002
41005
41032
41061
41117
41134
41286
41292
41327
41391
41887
41931
41967
41982
42177
42209
42295
42316
42318
42352
42374
42402
42410
42686
42917
42950
43075
43214
43234
43683
43918
43945
43970
44022
44116
44150
44156
44188
44235
44264
44621
44723
44895
44953
44974
45047
45106
45236
45248
45330
45626
45789
45794
45860
45992
46089
46147
46279
46322
46563
46576
46585
46734
46977
47001
47118
47197
47293
47343
47563
47959
48011
48132
48215
48267
48462
48491
48614
48771
48773
48827
48898
48997
49118
49242
49404
49453
49518
49584
49666
49781
49797
49805
49843
49911
50004
50031
50081
50083
50084
50105
50204
50235
50265
50493
50643
50645
50684
50722
50856
50865
50955
50958
51069
51087
51110
51114
51281
51354
51447
51529
51587
51817
51827
51850
51924
51995
52032
52036
52091
52108
52221
52410
52723
52791
52792
52870
52922
53175
53400
53455
53464
53639
53658
53864
53969
54006
54028
54048
54079
54166
54311
54331
54713
54771
54825
54908
54955
55124
55163
55222
55410
55533
55581
55946
56280
56391
56443
56666
56701
56722
56877
56979
56992
57069
57217
57390
57474
57505
57523
57610
57622
57643
57680
57785
57834
57931
57990
58002
58067
58151
58164
58454
58532
58546
58578
58860
58887
58893
58962
59068
59095
59133
59245
59298
59604
59608
59655
59660
59675
59697
59790
59791
59864
59974
60092
60130
60185
60207
60353
60370
60415
60655
60807
60861
60987
61232
61242
61396
61416
61439
61512
61613
61623
61636
61679
61691
61876
62174
62372
62383
62495
62593
62704
62736
62952
63147
63406
63464
63468
63523
63609
63679
63696
63847
63858
63864
63866
63877
63996
64037
64173
64217
64239
64244
64251
64419
64429
64457
64871
64872
64876
64962
65007
65030
65079
65271
65344
65373
65374
65544
65614
65623
65798
65845
65867
65908
66035
66173
66223
66299
66334
66432
66450
66490
66574
66983
67372
67406
67494
67498
67629
67664
67702
67705
68077
68107
68298
68334
68430
68513
68550
68599
68620
68684
68711
68803
68878
68925
68981
69074
69126
69156
69223
69225
69276
69712
69812
69859
69993
70021
70025
70083
70153
70161
70180
70300
70321
70349
70360
70458
70618
70653
70753
70755
70915
70932
70971
71042
71159
71297
71390
71525
71528
71611
71619
71704
71713
71767
71840
71914
71915
72008
72055
72205
72545
72734
72780
72903
73065
73397
73530
73574
73653
73811
73928
74004
74047
74048
74135
74173
74355
74392
74548
74603
74648
74680
74706
75061
75068
75301
75515
75800
75811
75864
76152
76214
76292
76362
76480
76502
76553
76611
76667
76711
76862
77040
77295
77323
77367
77415
77432
77457
77694
78048
78234
78394
78504
78799
78907
78937
79056
79209
79309
79362
79404
79533
79629
79648
79665
79769
79880
79922
79929
80008
80046
80256
80339
80354
80504
80569
80709
80851
80948
81188
81192
81198
81256
81273
81277
81326
81337
81349
81412
81438
81597
81640
81675
81696
81933
81945
82065
82199
82314
82475
82582
82662
82785
82940
82950
83166
83332
83369
83371
83405
83440
83538
83628
83697
83794
83955
84023
84533
84587
84616
84702
84742
84819
85052
85163
85528
85540
85581
85636
85659
85717
85730
85752
85816
85860
85881
85927
85959
86058
86122
86129
86137
86232
86446
86663
86716
86734
86754
86765
86870
86902
87097
87564
87634
87771
87772
87787
87808
87874
87955
88135
88262
88319
88397
88405
88503
88580
88634
88699
88815
88874
88880
88893
88910
88985
89037
89222
89659
90053
90075
90088
90162
90229
90232
90263
90265
90340
90382
90422
90430
90499
90634
90649
90672
90952
91063
91225
91316
91379
91583
92015
92207
92312
92354
92389
92536
92549
92588
92701
92747
92814
92822
93005
93139
93227
93301
93374
93378
93717
93830
93857
93925
93998
94027
94066
94130
94197
94223
94307
94457
94570
94781
95105
95107
95339
95434
95724
95896
95933
96099
96469
96584
96726
96730
96825
96991
97028
97115
97140
97265
97351
97360
97379
97395
97430
97489
97503
97609
97628
97806
97819
97945
97966
97984
98063
98122
98155
98194
98241
98254
98617
98633
98660
98663
98773
98916
98949
98964
99042
99043
99081
99242
99292
99317
99345
99356
99407
99413
99420
99577
99720
99743
99790
99808
99933
